107470
110651
110665
117375
117586
117798
117890
118300
118445
118685
118743
118920
119083
119208
119227
119244
119281
119313
119320
119336
119338
120044
120227
130157
130162
130168
130182
130198
130433
131189
131214
131228
131241
131243
131509
131895
132237
146167
146171
146207
146225
146232
146900
146901
148243
148289
148316
148632
148843
148927
148990
149003
149016
149018
149021
149167
149191
149194
149218
149352
149367
149421
149425
149433
149434
149462
149463
149465
149469
149474
149495
149498
149511
149512
149516
149527
149528
149530
149590
149806
149819
149834
149837
149855
149856
149859
149873
149912
149935
149948
149950
149966
149981
149999
150007
150154
150159
150161
150171
150202
150203
150323
150336
150342
150343
150344
150353
150359
150365
150367
150383
150400
150401
150421
150427
150452
150460
150463
150569
150572
150598
150610
150630
150639
150679
150684
150692
150707
150715
150743
242400
242617
243010
243142
243434
244550
280455
286885
322778
350286
353597
353605
462027
462034
473022
492934
505665
505666
505674
505786
506187
506188
506819
506867
507238
508177
508178
508751
552154
574371
581288
596952
698974
699571
699602
701418
748199
767282
